amelia: (235, 160), (240, 160)
andric: (223, 112), (228, 117)
aonach: (164, 196), (164, 191)
autist: (199, 153), (199, 158)
axwise: (98, 217), (98, 222)
bairns: (221, 39), (226, 44)
begobs: (199, 166), (199, 161)
bhakti: (90, 135), (85, 135)
bodgie: (127, 39), (132, 34)
boldin: (233, 222), (228, 217)
burton: (128, 54), (123, 59)
calque: (210, 236), (205, 236)
carole: (115, 162), (115, 167)
coedit: (216, 106), (216, 101)
combed: (120, 104), (120, 99)
creamy: (164, 69), (159, 74)
crosne: (29, 242), (34, 247)
davies: (67, 179), (72, 179)
digraph: (74, 144), (80, 144)
durrie: (236, 241), (231, 241)
engram: (16, 42), (11, 37)
fizgig: (242, 189), (237, 194)
gilour: (105, 213), (100, 218)
guacos: (99, 215), (94, 220)
herder: (117, 78), (122, 78)
hicaco: (47, 211), (47, 206)
intube: (68, 241), (63, 246)
ipomea: (108, 113), (103, 113)
jimjam: (87, 136), (87, 141)
kohemp: (182, 130), (187, 135)
lamaic: (211, 122), (211, 117)
langca: (140, 193), (145, 188)
loment: (158, 143), (158, 138)
manser: (100, 175), (95, 170)
misset: (57, 119), (52, 119)
mummia: (199, 55), (204, 55)
oozier: (166, 230), (166, 225)
patener: (52, 25), (46, 25)
planula: (62, 160), (56, 154)
pluses: (64, 112), (69, 112)
pooder: (166, 8), (161, 13)
primas: (165, 121), (170, 121)
rechar: (109, 213), (114, 208)
riggal: (232, 173), (237, 178)
rumdum: (90, 213), (85, 208)
sovran: (208, 59), (203, 54)
stated: (34, 64), (34, 59)
stiles: (194, 23), (194, 28)
supari: (199, 25), (194, 25)
towery: (93, 152), (88, 157)
tricks: (50, 202), (45, 202)
undull: (225, 83), (230, 83)
upwarp: (183, 229), (178, 229)
usings: (18, 96), (13, 91)
woofell: (228, 243), (222, 237)
